# inc  eps11 eps12 eps13 eps21 eps22 eps23 eps31 eps32 eps33
increment_0  2.096735e-17 -3.661391e-18 -8.935493e-19 -3.661391e-18 -3.862210e-17 -9.851153e-18 -8.935493e-19 -9.851153e-18 -8.635333e-18
increment_10 -2.046676e-04  4.396221e-05 -1.787598e-04  4.396221e-05  2.278675e-04  3.498333e-05 -1.787598e-04  3.498333e-05 -2.319986e-05
increment_20 -4.750869e-04  9.776149e-05 -3.725842e-04  9.776149e-05  4.821905e-04  5.141630e-05 -3.725842e-04  5.141630e-05 -7.103605e-06
increment_30 -7.351347e-04  1.536923e-04 -5.697859e-04  1.536923e-04  7.322876e-04  7.130358e-05 -5.697859e-04  7.130358e-05  2.847071e-06
increment_40 -9.881233e-04  2.125099e-04 -7.688413e-04  2.125099e-04  9.798696e-04  9.850709e-05 -7.688413e-04  9.850709e-05  8.253693e-06
increment_50 -1.235104e-03  2.738993e-04 -9.701315e-04  2.738993e-04  1.224053e-03  1.348711e-04 -9.701315e-04  1.348711e-04  1.105083e-05
increment_60 -1.476335e-03  3.375728e-04 -1.173225e-03  3.375728e-04  1.463204e-03  1.804191e-04 -1.173225e-03  1.804191e-04  1.313127e-05
increment_70 -1.712298e-03  4.033077e-04 -1.377467e-03  4.033077e-04  1.696190e-03  2.335022e-04 -1.377467e-03  2.335022e-04  1.610821e-05
increment_80 -1.943996e-03  4.702329e-04 -1.582139e-03  4.702329e-04  1.923560e-03  2.926400e-04 -1.582139e-03  2.926400e-04  2.043566e-05
increment_90 -2.172151e-03  5.375180e-04 -1.786642e-03  5.375180e-04  2.146214e-03  3.568260e-04 -1.786642e-03  3.568260e-04  2.593672e-05
increment_100 -2.397445e-03  6.050596e-04 -1.990931e-03  6.050596e-04  2.364560e-03  4.257729e-04 -1.990931e-03  4.257729e-04  3.288497e-05
increment_110 -2.620926e-03  6.738802e-04 -2.195142e-03  6.738802e-04  2.578990e-03  4.993696e-04 -2.195142e-03  4.993696e-04  4.193641e-05
increment_120 -2.843392e-03  7.446454e-04 -2.399195e-03  7.446454e-04  2.789427e-03  5.773260e-04 -2.399195e-03  5.773260e-04  5.396455e-05
