# inc  eps11 eps12 eps13 eps21 eps22 eps23 eps31 eps32 eps33
increment_0  2.096735e-17 -3.661391e-18 -8.935493e-19 -3.661391e-18 -3.862210e-17 -9.851153e-18 -8.935493e-19 -9.851153e-18 -8.635333e-18
increment_10 -1.021790e-03  4.858395e-04  2.705892e-04  4.858395e-04 -2.009310e-03  1.943622e-04  2.705892e-04  1.943622e-04  3.031100e-03
increment_20 -2.085797e-03  1.031087e-03  5.993553e-04  1.031087e-03 -4.211294e-03  4.549212e-04  5.993553e-04  4.549212e-04  6.297092e-03
increment_30 -3.171156e-03  1.570995e-03  9.238846e-04  1.570995e-03 -6.371945e-03  7.550600e-04  9.238846e-04  7.550600e-04  9.543101e-03
increment_40 -4.277425e-03  2.104133e-03  1.241796e-03  2.104133e-03 -8.489224e-03  1.093043e-03  1.241796e-03  1.093043e-03  1.276665e-02
increment_50 -5.398060e-03  2.630790e-03  1.551982e-03  2.630790e-03 -1.056329e-02  1.466030e-03  1.551982e-03  1.466030e-03  1.596135e-02
increment_60 -6.528544e-03  3.153130e-03  1.856228e-03  3.153130e-03 -1.259200e-02  1.871921e-03  1.856228e-03  1.871921e-03  1.912054e-02
increment_70 -7.671374e-03  3.674857e-03  2.159550e-03  3.674857e-03 -1.457192e-02  2.309221e-03  2.159550e-03  2.309221e-03  2.224330e-02
increment_80 -8.829959e-03  4.199252e-03  2.468923e-03  4.199252e-03 -1.650053e-02  2.776581e-03  2.468923e-03  2.776581e-03  2.533049e-02
increment_90 -1.000922e-02  4.726396e-03  2.790438e-03  4.726396e-03 -1.837522e-02  3.271526e-03  2.790438e-03  3.271526e-03  2.838444e-02
increment_100 -1.121121e-02  5.253797e-03  3.127534e-03  5.253797e-03 -2.019290e-02  3.791762e-03  3.127534e-03  3.791762e-03  3.140411e-02
increment_110 -1.243698e-02  5.777827e-03  3.480612e-03  5.777827e-03 -2.195302e-02  4.335165e-03  3.480612e-03  4.335165e-03  3.439000e-02
increment_120 -1.368570e-02  6.295586e-03  3.847899e-03  6.295586e-03 -2.365743e-02  4.898633e-03  3.847899e-03  4.898633e-03  3.734313e-02
