# inc  eps11 eps12 eps13eps21 eps22 eps23eps31 eps32 eps33
increment_0  2.096735e-17 -3.661391e-18 -8.935493e-19 -3.661391e-18 -3.862210e-17 -9.851153e-18 -8.935493e-19 -9.851153e-18 -8.635333e-18
increment_10  9.913270e-04 -4.905208e-04 -2.746688e-04 -4.905208e-04  2.048947e-03 -1.650348e-04 -2.746688e-04 -1.650348e-04 -3.040273e-03
increment_20  1.967517e-03 -1.048658e-03 -6.134214e-04 -1.048658e-03  4.371818e-03 -3.243987e-04 -6.134214e-04 -3.243987e-04 -6.339335e-03
increment_30  2.911436e-03 -1.607710e-03 -9.500995e-04 -1.607710e-03  6.727668e-03 -4.506251e-04 -9.500995e-04 -4.506251e-04 -9.639104e-03
increment_40  3.823598e-03 -2.167107e-03 -1.280931e-03 -2.167107e-03  9.106164e-03 -5.405620e-04 -1.280931e-03 -5.405620e-04 -1.292976e-02
increment_50  4.699169e-03 -2.725800e-03 -1.603625e-03 -2.725800e-03  1.149945e-02 -5.912344e-04 -1.603625e-03 -5.912344e-04 -1.619862e-02
increment_60  5.535000e-03 -3.284271e-03 -1.918053e-03 -3.284271e-03  1.390158e-02 -6.024841e-04 -1.918053e-03 -6.024841e-04 -1.943658e-02
increment_70  6.329571e-03 -3.843304e-03 -2.224755e-03 -3.843304e-03  1.630983e-02 -5.769212e-04 -2.224755e-03 -5.769212e-04 -2.263940e-02
increment_80  7.082799e-03 -4.403342e-03 -2.523550e-03 -4.403342e-03  1.872257e-02 -5.172801e-04 -2.523550e-03 -5.172801e-04 -2.580537e-02
increment_90  7.795467e-03 -4.964746e-03 -2.812823e-03 -4.964746e-03  2.113687e-02 -4.269011e-04 -2.812823e-03 -4.269011e-04 -2.893234e-02
increment_100  8.470068e-03 -5.526568e-03 -3.092248e-03 -5.526568e-03  2.354927e-02 -3.099657e-04 -3.092248e-03 -3.099657e-04 -3.201933e-02
increment_110  9.107860e-03 -6.085262e-03 -3.363845e-03 -6.085262e-03  2.595876e-02 -1.701437e-04 -3.363845e-03 -1.701437e-04 -3.506662e-02
increment_120  9.707454e-03 -6.637461e-03 -3.630056e-03 -6.637461e-03  2.836701e-02 -9.982525e-06 -3.630056e-03 -9.982525e-06 -3.807446e-02
