GrainID: Neighbors
--------------------
0: 6, 64, 70, 97
1: 32, 48, 60, 83, 90
2: 34, 43, 54, 74, 82, 84
3: 15, 22, 25, 36, 50, 57, 67, 76, 95
4: 7, 17, 41, 47, 55
5: 8, 26, 37, 53, 63, 85, 96
6: 0, 18, 44, 70, 97
7: 4, 8, 28, 47, 51, 67, 76, 80, 87
8: 5, 7, 53, 55, 80, 85
9: 13, 29, 58, 65, 93
10: 11, 21, 69, 78, 86, 91
11: 10, 27, 69, 86, 91
12: 13, 31, 37, 94, 96
13: 9, 12, 16, 37, 58, 93, 94
14: 22, 59, 68, 71, 88
15: 3, 36, 46, 50, 77
16: 13, 37, 55, 93
17: 4, 41, 47, 49, 98
18: 6, 43, 44, 45, 49, 61, 82, 97
19: 23, 33, 34, 35, 66
20: 40, 48, 74, 78, 83, 84
21: 10, 50, 77, 78, 79, 81, 86
22: 3, 14, 28, 39, 57, 59, 67, 71, 86
23: 19, 35, 43, 54, 56, 72
24: 64, 72, 97
25: 3, 67, 95
26: 5, 40, 53, 63, 91
27: 11, 63, 73, 86, 91
28: 7, 22, 39, 47, 67, 98, 99
29: 9, 58, 61, 65
30: 33, 51, 66, 87
31: 12, 52, 59, 88, 94, 96
32: 1, 60, 78, 79, 83
33: 19, 30, 35, 51, 66, 76
34: 2, 19, 40, 54, 66, 74
35: 19, 23, 33, 56, 76
36: 3, 15, 46, 56, 76
37: 5, 12, 13, 16, 85, 96
38: 39, 45, 62, 89, 99
39: 22, 28, 38, 62, 71, 99
40: 20, 26, 34, 53, 66, 74, 78, 91
41: 4, 17, 49, 55, 65, 93
42: 44, 62, 68, 70, 75, 89, 90
43: 2, 18, 23, 54, 82, 97
44: 6, 18, 42, 45, 89
45: 18, 38, 44, 49, 89, 99
46: 15, 36, 56, 72, 77
47: 4, 7, 17, 28, 98
48: 1, 20, 83, 84, 90, 92, 94
49: 17, 18, 41, 45, 65, 98, 99
50: 3, 15, 21, 57, 77, 86
51: 7, 30, 33, 76, 87
52: 31, 59, 73, 86, 96
53: 5, 8, 26, 40, 66, 80, 87
54: 2, 23, 34, 43
55: 4, 8, 16, 41, 85, 93
56: 23, 35, 36, 46, 72, 76
57: 3, 22, 50, 86
58: 9, 13, 29, 61, 92, 94
59: 14, 22, 31, 52, 86, 88
60: 1, 32, 64, 70, 72, 77, 90
61: 18, 29, 58, 65, 82
62: 38, 39, 42, 75, 89
63: 5, 26, 27, 73, 91, 96
64: 0, 24, 60, 70, 72, 97
65: 9, 29, 41, 49, 61, 93
66: 19, 30, 33, 34, 40, 53
67: 3, 7, 22, 25, 28, 76, 95
68: 14, 42, 71, 75, 88, 90
69: 10, 11, 86
70: 0, 6, 42, 60, 64, 90
71: 14, 22, 39, 68, 75
72: 23, 24, 46, 56, 60, 64, 77, 97
73: 27, 52, 63, 86, 96
74: 2, 20, 34, 40, 84
75: 42, 62, 68, 71
76: 3, 7, 33, 35, 36, 51, 56, 67, 95
77: 15, 21, 46, 50, 60, 72, 79
78: 10, 20, 21, 32, 40, 79, 81, 83, 91
79: 21, 32, 77, 78, 81
80: 7, 8, 53, 87
81: 21, 78, 79
82: 2, 18, 43, 61, 84, 92
83: 1, 20, 32, 48, 78
84: 2, 20, 48, 74, 82, 92
85: 5, 8, 37, 55
86: 10, 11, 21, 22, 27, 50, 52, 57, 59, 69, 73
87: 7, 30, 51, 53, 80
88: 14, 31, 59, 68, 90, 94
89: 38, 42, 44, 45, 62
90: 1, 42, 48, 60, 68, 70, 88, 94
91: 10, 11, 26, 27, 40, 63, 78
92: 48, 58, 82, 84, 94
93: 9, 13, 16, 41, 55, 65
94: 12, 13, 31, 48, 58, 88, 90, 92
95: 3, 25, 67, 76
96: 5, 12, 31, 37, 52, 63, 73
97: 0, 6, 18, 24, 43, 64, 72
98: 17, 28, 47, 49, 99
99: 28, 38, 39, 45, 49, 98
