# inc  eps11 eps12 eps13 eps21 eps22 eps23 eps31 eps32 eps33 
increment_0  2.096735e-17 -3.661391e-18 -8.935493e-19 -3.661391e-18 -3.862210e-17 -9.851153e-18 -8.935493e-19 -9.851153e-18 -8.635333e-18
increment_10 -5.478834e-04 -4.398854e-05 -1.627966e-04 -4.398854e-05  1.085426e-03  2.444564e-05 -1.627966e-04  2.444564e-05 -5.375424e-04
increment_20 -1.139676e-03 -1.198970e-04 -3.773615e-04 -1.198970e-04  2.419679e-03  7.683137e-05 -3.773615e-04  7.683137e-05 -1.280003e-03
increment_30 -1.721727e-03 -2.037386e-04 -5.825948e-04 -2.037386e-04  3.767730e-03  1.198364e-04 -5.825948e-04  1.198364e-04 -2.046002e-03
increment_40 -2.300260e-03 -2.959825e-04 -7.783224e-04 -2.959825e-04  5.134555e-03  1.530199e-04 -7.783224e-04  1.530199e-04 -2.834295e-03
increment_50 -2.878421e-03 -3.973109e-04 -9.648310e-04 -3.973109e-04  6.519919e-03  1.780857e-04 -9.648310e-04  1.780857e-04 -3.641498e-03
increment_60 -3.456403e-03 -5.080143e-04 -1.141860e-03 -5.080143e-04  7.922421e-03  1.975319e-04 -1.141860e-03  1.975319e-04 -4.466018e-03
increment_70 -4.033232e-03 -6.278466e-04 -1.309636e-03 -6.278466e-04  9.340866e-03  2.139525e-04 -1.309636e-03  2.139525e-04 -5.307634e-03
increment_80 -4.608856e-03 -7.568901e-04 -1.468506e-03 -7.568901e-04  1.077456e-02  2.296552e-04 -1.468506e-03  2.296552e-04 -6.165708e-03
increment_90 -5.185491e-03 -8.955524e-04 -1.619363e-03 -8.955524e-04  1.222347e-02  2.460201e-04 -1.619363e-03  2.460201e-04 -7.037975e-03
increment_100 -5.767295e-03 -1.043259e-03 -1.763119e-03 -1.043259e-03  1.368813e-02  2.637522e-04 -1.763119e-03  2.637522e-04 -7.920838e-03
increment_110 -6.356664e-03 -1.198740e-03 -1.899185e-03 -1.198740e-03  1.516790e-02  2.838309e-04 -1.899185e-03  2.838309e-04 -8.811232e-03
increment_120 -6.953038e-03 -1.361010e-03 -2.025321e-03 -1.361010e-03  1.665956e-02  3.074385e-04 -2.025321e-03  3.074385e-04 -9.706523e-03
