# inc  eps11 eps12 eps13 eps21 eps22 eps23 eps31 eps32 eps33
increment_0  2.096735e-17 -3.661391e-18 -8.935493e-19 -3.661391e-18 -3.862210e-17 -9.851153e-18 -8.935493e-19 -9.851153e-18 -8.635333e-18
increment_10  5.488949e-04  4.113996e-05  1.709627e-04  4.113996e-05 -1.071646e-03 -2.985425e-05  1.709627e-04 -2.985425e-05  5.227514e-04
increment_20  1.148244e-03  1.057483e-04  4.218361e-04  1.057483e-04 -2.357385e-03 -1.096305e-04  4.218361e-04 -1.096305e-04  1.209141e-03
increment_30  1.745286e-03  1.686185e-04  6.878203e-04  1.686185e-04 -3.622126e-03 -2.005220e-04  6.878203e-04 -2.005220e-04  1.876841e-03
increment_40  2.340144e-03  2.300415e-04  9.628002e-04  2.300415e-04 -4.867679e-03 -2.976500e-04  9.628002e-04 -2.976500e-04  2.527535e-03
increment_50  2.930437e-03  2.929021e-04  1.244145e-03  2.929021e-04 -6.092825e-03 -3.989856e-04  1.244145e-03 -3.989856e-04  3.162388e-03
increment_60  3.512350e-03  3.607700e-04  1.531981e-03  3.607700e-04 -7.296559e-03 -5.044108e-04  1.531981e-03 -5.044108e-04  3.784209e-03
increment_70  4.081006e-03  4.348993e-04  1.826398e-03  4.348993e-04 -8.478220e-03 -6.147557e-04  1.826398e-03 -6.147557e-04  4.397214e-03
increment_80  4.632605e-03  5.149338e-04  2.126989e-03  5.149338e-04 -9.637896e-03 -7.305040e-04  2.126989e-03 -7.305040e-04  5.005291e-03
increment_90  5.163937e-03  5.996806e-04  2.432624e-03  5.996806e-04 -1.077715e-02 -8.515631e-04  2.432624e-03 -8.515631e-04  5.613211e-03
increment_100  5.673214e-03  6.872426e-04  2.743064e-03  6.872426e-04 -1.189633e-02 -9.783513e-04  2.743064e-03 -9.783513e-04  6.223112e-03
increment_110  6.158793e-03  7.747441e-04  3.059103e-03  7.747441e-04 -1.299588e-02 -1.110860e-03  3.059103e-03 -1.110860e-03  6.837087e-03
increment_120  6.618477e-03  8.590752e-04  3.381699e-03  8.590752e-04 -1.407581e-02 -1.248592e-03  3.381699e-03 -1.248592e-03  7.457337e-03
